0,536
0,535
177,50
0,534
177,279
0,533
0,532
0,531
0,530
0,529
177,278
460,14
460,13
0,528
460,6
0,527
0,526
0,525
177,26
177,277
0,524
0,523
0,519
177,59
177,276
0,518
0,517
0,516
0,515
177,275
177,274
0,514
0,513
0,512
177,273
0,443
0,440
0,439
0,438
0,437
0,436
464,5
464,4
464,3
464,2
464,1
464,0
0,480
463,5
463,4
463,3
463,2
463,1
463,0
0,435
462,5
462,4
462,3
462,2
462,1
462,0
0,434
2,81
2,80
2,79
2,78
2,77
2,76
2,75
2,74
2,73
2,72
2,71
2,70
2,69
2,68
2,67
176,3
2,66
2,65
2,64
2,35
2,34
2,33
2,32
2,31
2,30
2,29
2,28
2,27
2,26
2,25
2,24
2,23
2,22
2,21
2,20
2,19
176,0
2,18
2,17
2,16
2,15
2,14
2,13
2,12
2,11
2,10
2,9
2,8
2,7
2,6
2,5
2,4
2,3
2,2
1,9
1,8
1,7
1,6
1,5
1,4
1,3
1,2
0,521
0,507
0,496
0,495
0,493
0,491
0,488
0,472
0,468
0,456
0,455
0,454
0,452
0,449
0,447
0,446
0,445
0,442
0,428
0,415
0,407
0,403
0,366
0,364
0,354
0,343
0,338
0,332
0,243
0,9
0,0
0,1
0,405
0,478
0,497
0,469
0,453
0,448
0,444
0,400
0,520
0,522
0,362
0,336
0,457
0,451
0,450
0,509
0,300
0,490
0,299
0,410
0,298
0,426
0,297
0,323
0,296
0,425
0,295
0,328
0,294
0,293
0,427
0,292
0,291
0,375
0,290
0,479
0,289
0,327
0,288
0,330
0,287
0,286
0,392
0,285
0,345
0,284
0,369
0,283
0,388
0,282
0,391
0,281
0,420
0,280
0,387
0,279
0,278
0,277
0,485
0,276
0,424
0,275
0,356
0,274
0,273
0,386
0,272
0,361
0,271
0,350
0,270
0,269
0,419
2,82
2,83
2,85
2,86
2,89
2,90
2,92
2,94
2,95
2,99
2,100
2,103
2,105
2,107
2,110
2,111
2,114
2,115
2,118
2,120
2,122
6,0
3,2
3,4
3,5
4,3
5,0
5,4
5,8
5,9
6,6
6,12
6,14
6,17
6,20
6,23
6,24
7,1
42,0
8,1
8,3
8,4
9,0
9,1
9,4
10,3
11,0
11,1
175,0
12,0
13,0
175,3
175,1
14,1
14,3
15,0
176,4
15,3
177,0
176,5
177,3
16,3
17,0
177,1
17,3
18,0
18,1
18,3
177,272
19,3
20,0
20,1
21,0
21,1
21,5
43,0
22,3
43,3
23,1
23,4
23,5
24,1
24,3
25,0
25,1
25,3
2,102
26,3
120,0
28,1
120,3
120,1
29,0
29,3
30,3
129,0
31,3
31,5
129,3
32,3
33,3
34,0
34,3
35,1
35,3
36,0
36,5
37,1
37,4
37,6
38,1
38,6
39,3
40,1
40,3
41,1
41,3
42,5
43,2
43,6
43,10
43,14
43,17
44,4
45,1
45,6
46,1
47,0
47,3
48,1
49,1
50,0
50,3
51,0
52,0
52,3
53,3
54,1
55,0
55,3
56,1
56,5
57,3
57,6
58,1
59,0
59,3
59,8
59,9
60,1
60,3
61,3
62,0
63,1
64,0
64,3
64,9
65,0
65,4
65,9
65,10
65,18
65,23
65,31
65,35
66,0
66,4
66,6
67,3
68,1
69,1
70,0
70,3
71,1
71,3
72,3
72,5
73,3
74,3
75,0
76,0
76,1
77,1
78,1
78,3
79,3
80,0
81,0
82,0
82,1
83,1
83,3
84,3
85,0
86,0
87,0
87,1
88,1
88,3
89,3
90,3
91,0
92,0
92,1
93,1
93,3
94,3
95,1
95,3
96,3
97,0
98,0
99,0
99,1
99,8
100,1
100,7
101,1
102,0
103,0
103,3
104,3
104,6
105,3
106,1
107,0
108,0
108,1
109,1
109,3
111,1
111,5
112,0
112,3
113,0
113,3
114,3
114,4
115,3
116,0
116,3
117,3
118,0
119,0
119,1
120,5
121,0
121,4
122,1
122,3
123,1
123,3
124,1
125,0
125,1
126,0
126,1
127,0
127,1
128,0
128,3
129,2
129,6
129,8
129,10
130,1
130,3
131,1
131,3
132,1
132,3
133,1
134,0
134,1
135,0
135,1
136,0
136,3
137,0
137,2
137,3
137,5
138,0
138,1
138,6
139,0
139,3
140,0
140,3
141,1
141,3
141,6
141,7
141,12
141,14
142,0
142,3
142,4
142,7
143,0
143,3
144,1
144,3
145,1
145,3
146,1
147,0
147,1
147,3
148,0
148,3
149,0
149,3
150,1
150,3
151,1
151,2
152,0
152,3
153,0
153,3
154,0
154,3
155,0
155,1
156,0
156,1
157,0
157,1
158,0
158,2
158,3
159,0
159,1
160,0
160,3
161,0
161,3
162,0
162,3
163,0
163,3
164,0
164,1
164,7
165,0
165,3
166,1
166,3
167,0
167,1
167,3
168,0
168,3
169,1
169,3
170,1
170,2
171,0
171,3
172,0
172,3
173,0
173,3
174,0
174,3
176,2
177,2
177,6
177,10
177,12
177,15
177,16
177,19
177,21
177,45
177,47
177,52
177,54
177,58
177,62
177,64
177,68
177,74
177,78
177,85
177,91
177,95
177,102
177,103
177,111
177,121
177,130
177,135
177,138
177,142
177,146
177,150
177,155
177,158
177,163
177,165
177,171
177,173
177,177
177,184
177,185
177,190
177,193
177,198
177,203
177,206
177,211
177,214
177,219
177,223
177,226
177,231
177,233
177,238
177,241
177,246
177,250
177,253
177,258
177,261
177,266
177,270
178,0
178,3
179,0
179,3
180,0
180,3
181,1
181,3
182,1
182,3
183,1
183,4
184,0
184,3
185,0
185,2
185,3
186,0
186,3
187,0
187,3
187,4
188,1
189,0
189,1
190,0
190,1
191,0
191,1
192,0
192,2
192,3
193,1
193,3
194,1
194,3
195,0
195,3
196,0
196,3
197,1
197,3
198,1
198,3
199,1
199,3
200,1
200,4
201,0
201,3
201,5
202,1
202,4
203,0
203,3
203,4
204,1
204,3
205,1
205,3
205,6
206,1
206,3
207,1
207,4
207,5
208,1
208,3
209,0
209,1
209,3
210,0
210,1
210,5
211,0
211,3
212,1
212,2
212,4
212,6
213,1
214,0
214,1
215,0
215,1
215,4
216,0
216,3
217,1
217,3
218,0
218,1
219,0
219,3
219,5
220,1
220,3
221,1
221,3
222,0
222,3
223,0
223,3
224,0
224,2
225,0
225,1
226,0
226,1
226,7
227,0
227,3
228,1
228,3
229,1
229,3
230,1
231,0
231,1
232,0
232,1
233,0
233,1
233,3
234,0
234,1
235,0
235,1
235,4
236,1
236,2
237,0
237,1
238,0
238,3
239,0
239,3
240,0
240,2
240,3
241,1
242,0
242,1
242,3
243,0
243,3
244,1
244,3
245,1
245,3
246,0
246,1
247,0
247,3
247,4
248,1
248,3
249,0
249,3
249,4
250,1
250,3
251,0
251,1
252,0
252,3
252,4
253,1
253,2
254,0
254,3
254,4
254,6
254,7
255,0
255,3
255,4
256,0
256,1
256,3
256,5
256,7
257,1
257,3
258,1
258,3
258,5
259,0
259,1
259,3
259,4
259,6
260,0
260,3
261,0
261,1
261,6
262,0
262,2
262,4
263,0
263,2
263,3
264,1
264,3
265,0
265,3
266,0
266,3
266,4
267,0
267,3
267,6
268,1
268,3
268,6
269,1
269,2
270,0
270,1
271,0
271,1
271,3
272,1
272,2
273,0
273,1
274,0
274,3
275,0
275,2
275,3
276,1
276,3
277,1
277,4
278,0
278,3
279,0
279,3
280,0
280,1
280,3
280,4
281,1
281,2
281,4
282,1
282,2
283,0
283,1
283,4
284,1
284,3
285,1
285,3
286,1
286,3
287,0
287,3
287,6
288,0
288,1
288,3
289,0
289,1
289,4
290,0
290,3
291,0
291,1
291,6
292,0
292,3
293,0
293,2
293,4
293,7
294,1
294,3
295,0
295,2
295,3
296,0
296,1
297,0
297,1
298,0
298,2
298,3
299,1
299,3
300,1
301,0
301,1
302,0
302,1
302,3
302,7
303,0
303,3
303,4
304,1
304,2
305,0
305,3
305,4
306,1
306,3
307,1
308,0
308,1
308,5
309,0
309,3
309,5
310,1
310,4
310,5
311,1
311,3
312,0
312,3
313,0
313,3
313,5
314,1
314,3
315,0
315,2
315,3
316,1
316,3
316,5
317,0
317,1
318,0
318,1
318,4
319,0
319,3
320,0
320,1
320,3
320,5
321,1
321,3
322,0
322,3
323,0
323,2
323,3
324,1
324,4
325,0
325,2
325,3
326,0
326,2
326,3
327,0
327,1
327,3
327,7
327,8
328,1
328,3
329,1
329,3
330,1
330,3
330,4
331,1
331,2
332,0
332,3
333,0
333,3
334,0
334,2
334,3
335,1
336,0
336,1
336,6
337,0
337,3
338,1
338,3
339,0
339,1
340,0
340,1
340,6
341,1
341,3
342,1
342,3
343,0
343,3
344,0
344,3
344,4
345,1
345,3
346,0
346,3
347,0
347,3
347,4
348,1
348,4
349,0
349,3
349,4
350,1
350,4
350,5
351,1
351,3
352,0
352,1
353,0
353,3
353,4
354,1
354,3
355,0
355,3
356,0
356,3
357,0
357,2
357,3
358,0
358,3
358,6
359,1
359,3
360,0
360,3
360,4
361,1
361,3
362,0
362,1
362,6
363,1
363,2
363,5
364,0
364,3
365,0
365,1
365,4
366,0
366,3
367,0
367,1
368,0
368,1
368,3
368,4
369,1
369,5
370,0
370,2
370,3
371,0
371,2
371,3
372,1
372,2
373,0
373,1
373,3
374,0
374,1
374,3
375,0
375,3
376,0
376,1
376,5
377,0
377,3
377,4
378,1
378,3
378,4
379,1
379,3
379,5
379,7
380,0
380,2
380,3
381,1
381,4
382,0
382,2
382,3
383,1
383,3
383,5
384,1
384,3
385,0
385,1
386,0
386,3
386,4
387,1
387,3
388,0
388,1
389,0
389,2
389,3
390,0
390,1
390,3
391,1
391,2
393,0
393,1
393,4
393,5
395,1
396,3
397,3
399,2
400,2
401,3
402,1
402,2
403,1
403,2
404,1
404,3
405,0
405,2
405,3
405,5
405,6
406,1
406,3
406,4
407,1
407,2
407,4
407,6
407,7
407,9
407,10
408,0
408,1
408,3
408,5
408,6
409,1
409,2
409,4
409,6
410,0
410,2
410,3
411,0
411,1
411,3
411,5
412,0
412,2
412,3
412,5
413,0
413,1
413,3
413,4
414,0
414,1
414,3
414,5
415,0
415,2
415,3
416,0
416,2
416,3
416,5
417,0
417,2
418,0
418,1
418,3
418,4
418,6
418,7
419,1
419,3
420,0
420,2
420,3
421,1
421,3
421,4
421,6
422,0
422,2
422,3
422,5
423,0
423,1
423,3
423,4
424,1
424,3
424,4
424,6
425,0
425,2
425,3
425,5
426,1
426,2
426,4
426,5
427,1
427,3
427,4
428,0
428,1
428,3
429,1
429,2
429,4
430,0
430,2
430,3
430,5
431,1
431,2
431,4
431,5
431,7
432,1
432,2
432,4
432,5
433,1
433,2
433,4
434,0
434,1
434,3
435,0
435,2
435,4
435,5
436,1
436,2
436,4
437,0
437,2
437,4
437,5
438,1
438,2
438,4
439,0
439,1
439,3
439,4
440,0
440,1
440,3
440,5
441,0
441,2
441,3
441,5
442,1
442,2
442,4
443,0
443,2
443,4
444,0
444,2
444,3
444,5
445,0
445,2
445,4
445,5
446,1
446,2
446,4
447,0
447,1
447,3
447,4
448,1
448,2
449,0
449,2
449,3
449,5
449,6
450,0
450,2
450,3
451,0
451,1
451,3
451,4
452,1
452,3
452,4
453,1
453,2
453,4
454,1
454,2
454,4
454,5
455,1
455,3
455,4
456,1
456,2
456,4
457,0
457,2
457,4
458,0
458,2
458,3
459,0
459,2
459,3
460,0
460,1
460,3
460,4
460,8
460,9
461,0
461,1
461,3
5,3
5,1
5,7
57,0
9,3
6,5
2,121
117,0
58,3
13,3
12,1
19,1
94,0
93,0
2,91
22,0
102,3
100,0
104,1
106,3
99,3
96,1
97,3
121,3
115,1
114,0
26,0
27,0
38,3
34,1
33,1
30,0
39,1
82,3
84,0
90,1
88,0
89,1
40,0
41,0
72,1
78,0
76,3
74,1
80,3
79,0
75,3
2,109
61,0
62,1
64,1
65,3
66,3
48,3
49,3
52,1
54,3
109,0
107,1
2,113
2,128
8,0
70,1
68,0
118,3
6,13
6,16
6,25
6,21
59,5
59,7
59,11
65,32
65,11
59,4
65,38
22,5
8,23
8,20
8,6
141,11
141,15
86,4
89,4
87,2
90,2
67,4
65,8
7,21
7,4
7,5
7,17
21,4
43,4
45,4
114,6
44,5
120,4
15,5
16,6
136,4
33,5
39,5
37,5
129,4
64,10
177,25
14,7
177,56
177,22
177,48
15,4
43,9
43,12
43,18
65,25
64,5
64,8
24,10
24,6
255,5
100,4
32,4
32,5
214,6
24,9
64,7
12,4
98,5
65,20
100,6
111,4
139,4
98,4
178,4
117,4
214,4
185,4
256,4
24,11
24,5
24,4
113,5
112,5
161,6
18,4
41,4
66,5
57,5
268,4
130,4
65,24
43,16
43,7
43,5
177,17
76,5
273,4
177,8
177,13
75,4
177,53
99,4
177,5
43,13
65,12
65,14
65,36
65,7
65,6
65,17
129,7
65,22
35,4
138,4
19,4
17,5
45,5
42,6
42,4
7,16
65,15
84,4
108,4
90,4
127,4
141,10
141,9
141,4
142,5
8,24
8,5
22,4
65,30
65,39
59,10
6,18
6,19
6,11
6,8
46,0
69,0
2,117
111,0
53,1
51,1
47,1
67,0
63,0
56,0
2,98
81,3
71,0
73,1
36,1
91,3
86,3
85,1
31,1
32,1
37,0
27,3
2,96
2,106
101,0
103,1
105,1
100,3
98,3
95,0
24,0
20,3
10,1
2,87
6,7
57,4
5,5
461,4
461,2
460,12
460,7
460,5
460,2
459,4
459,1
458,4
458,1
457,3
457,1
456,3
456,0
455,2
455,0
454,3
454,0
453,3
453,0
452,2
452,0
451,2
450,4
450,1
449,7
449,4
449,1
448,3
448,0
447,2
446,5
446,3
446,0
445,3
445,1
444,4
444,1
443,3
443,1
442,3
442,0
441,4
441,1
440,4
440,2
439,5
439,2
438,5
438,3
438,0
437,3
437,1
436,3
436,0
435,3
435,1
434,2
433,5
433,3
433,0
432,3
432,0
431,6
431,3
431,0
430,4
430,1
429,3
429,0
428,2
427,5
427,2
427,0
426,3
426,0
425,4
425,1
424,5
424,2
424,0
423,2
422,6
422,4
422,1
421,5
421,2
421,0
420,1
419,2
419,0
418,5
418,2
417,3
417,1
416,4
416,1
415,4
415,1
414,4
414,2
413,5
413,2
412,6
412,4
412,1
411,4
411,2
410,4
410,1
409,5
409,3
409,0
408,4
408,2
407,11
407,8
407,5
407,3
407,0
406,2
406,0
405,4
405,1
404,2
403,3
402,3
402,0
400,3
398,3
396,1
394,2
393,3
391,3
391,0
390,2
389,5
389,1
388,3
387,5
387,0
386,1
385,3
384,4
384,0
383,4
383,0
382,1
381,3
381,0
380,1
379,6
379,4
379,0
378,2
378,0
377,1
376,3
375,6
375,1
374,2
373,5
373,2
372,3
372,0
371,1
370,5
370,1
369,3
369,0
368,2
367,3
366,5
366,1
365,3
364,5
364,1
363,3
363,0
362,3
361,6
361,0
360,1
359,4
359,0
358,1
357,4
357,1
356,1
355,1
354,5
354,0
353,1
352,3
351,5
351,0
350,3
350,0
349,1
348,3
348,0
347,1
346,1
345,2
345,0
344,1
343,1
342,4
342,0
341,0
340,3
339,3
338,4
338,0
337,1
336,3
335,3
335,0
334,1
333,1
332,1
331,3
331,0
330,2
330,0
329,0
328,0
327,6
327,2
326,6
326,1
325,4
325,1
324,3
324,0
323,1
322,1
321,2
321,0
320,2
319,4
319,1
318,3
317,3
316,6
316,4
316,0
315,1
314,4
314,0
313,1
312,1
311,5
311,0
310,3
310,0
309,1
308,3
307,3
307,0
306,0
305,1
304,3
304,0
303,1
302,8
302,2
301,3
300,3
300,0
299,0
298,1
297,3
296,3
295,4
295,1
294,5
294,0
293,3
293,1
292,1
291,3
290,6
290,1
289,3
288,5
288,2
287,8
287,1
286,6
286,0
285,0
284,0
283,3
282,3
282,0
281,3
281,0
280,2
279,4
279,1
278,1
277,3
277,0
276,0
275,1
274,1
273,3
272,3
272,0
271,2
270,3
269,3
269,0
268,5
268,0
267,1
266,5
266,1
265,1
264,4
264,0
263,1
262,3
262,1
261,3
260,4
260,1
259,5
259,2
258,6
258,4
258,0
257,0
256,6
256,2
255,7
255,1
254,8
254,5
254,1
253,3
253,0
252,1
251,3
250,4
250,0
249,1
248,4
248,0
247,1
246,3
245,4
245,0
244,0
243,1
242,2
241,3
241,0
240,1
239,1
238,1
237,3
236,3
236,0
235,3
234,3
233,6
233,2
232,3
231,3
230,3
230,0
229,0
228,0
227,1
226,3
225,3
224,3
224,1
223,1
222,1
221,4
221,0
